0.000000000 0.000000000 1.000000000 1.174000000 
0.854286122 -11.650213383 1.000000000 1.173957736 
3.417144486 -23.299587936 1.000000000 1.173830944 
7.688575094 -34.947284828 1.000000000 1.173619624 
13.663238656 -46.592465229 1.000000000 1.173323776 
21.335795885 -58.234284482 1.000000000 1.172942226 
30.700907492 -69.871903758 1.000000000 1.172477322 
41.747894901 -81.504495876 1.000000000 1.171929064 
54.460740246 -93.131222007 1.000000000 1.171295104 
68.839443529 -104.751243319 1.000000000 1.170577790 
84.862647596 -116.363726807 1.000000000 1.169775948 
102.519673870 -127.967839466 1.000000000 1.168890752 
121.789165198 -139.562748291 1.000000000 1.167922202 
142.660443004 -151.147626101 1.000000000 1.166870298 
165.112150135 -162.721645717 1.000000000 1.165735040 
189.122929438 -174.283979959 1.000000000 1.164516428 
214.671423759 -185.833801647 1.000000000 1.163215636 
241.736275947 -197.370289425 1.000000000 1.161832664 
270.290789558 -208.892627765 1.000000000 1.160366338 
300.308268153 -220.399995310 1.000000000 1.158819006 
331.762015289 -231.891576533 1.000000000 1.157189494 
364.630673814 -243.366555903 1.000000000 1.155478976 
398.876868710 -254.824123715 1.000000000 1.153688626 
434.479242824 -266.263470265 1.000000000 1.151816096 
471.395081850 -277.683791675 1.000000000 1.149863734 
509.603028635 -289.084289890 1.000000000 1.147832714 
549.065708161 -300.464161030 1.000000000 1.145720688 
589.745745409 -311.822607043 1.000000000 1.143531178 
631.611104652 -323.158835699 1.000000000 1.141261836 
674.624410870 -334.472054769 1.000000000 1.138915010 
718.748289046 -345.761477850 1.000000000 1.136490700 
763.950703450 -357.026318538 1.000000000 1.133988906 
810.194279065 -368.265796256 1.000000000 1.131410802 
857.430962297 -379.479136249 1.000000000 1.128756388 
905.628717415 -390.665563764 1.000000000 1.126026838 
954.744830114 -401.824309875 1.000000000 1.123220978 
1004.736586087 -412.954605652 1.000000000 1.120342330 
1055.571949605 -424.055687993 1.000000000 1.117388546 
1107.202867074 -435.126799621 1.000000000 1.114361974 
1159.591963476 -446.167183258 1.000000000 1.111261440 
1212.696524504 -457.176093277 1.000000000 1.108089292 
1266.468496565 -468.152784051 1.000000000 1.104846704 
1320.875843929 -479.096509953 1.000000000 1.101532502 
1375.870513001 -490.006537006 1.000000000 1.098147860 
1431.415128764 -500.882131234 1.000000000 1.094692778 
1487.461637624 -511.722564484 1.000000000 1.091170778 
1543.967325273 -522.527114432 1.000000000 1.087578338 
1600.900155984 -533.295064576 1.000000000 1.083920154 
1658.212076161 -544.025704239 1.000000000 1.080193878 
1715.855032210 -554.718328572 1.000000000 1.076403032 
1773.802327690 -565.372232724 1.000000000 1.072545268 
1832.000569718 -575.986717669 1.000000000 1.068624108 
1890.412383276 -586.561096033 1.000000000 1.064638378 
1949.000393347 -597.094680440 1.000000000 1.060589252 
2007.721885624 -607.586789341 1.000000000 1.056477904 
2066.539485091 -618.036752837 1.000000000 1.052305508 
2125.415816728 -628.443906853 1.000000000 1.048073238 
2184.302826941 -638.807593140 1.000000000 1.043779920 
2243.173819290 -649.127159276 1.000000000 1.039427902 
2301.991418756 -659.401958660 1.000000000 1.035017184 
2360.712911033 -669.631350521 1.000000000 1.030550114 
2419.306260392 -679.814705734 1.000000000 1.026025518 
2477.734091816 -689.951401003 1.000000000 1.021445744 
2535.964369573 -700.040813030 1.000000000 1.016810792 
2593.965057936 -710.082330168 1.000000000 1.012121836 
2651.698781885 -720.075358245 1.000000000 1.007380050 
2709.133505692 -730.019303089 1.000000000 1.002586608 
2766.247872203 -739.913576355 1.000000000 0.997741510 
2823.004506401 -749.757601345 1.000000000 0.992847104 
2879.371372556 -759.550807190 1.000000000 0.987902216 
2935.327113515 -769.292640495 1.000000000 0.982909194 
2990.839693549 -778.982547864 1.000000000 0.977869212 
3045.882416215 -788.619987552 1.000000000 0.972782270 
3100.433924362 -798.204429466 1.000000000 0.967649542 
3154.472860836 -807.735349336 1.000000000 0.962472202 
3207.967189908 -817.212234544 1.000000000 0.957250250 
3260.895554423 -826.634578296 1.000000000 0.951987208 
3313.241936519 -836.001885449 1.000000000 0.946681902 
3364.984979041 -845.313672511 1.000000000 0.941335506 
3416.103324837 -854.569467640 1.000000000 0.935949194 
3466.580956042 -863.768804819 1.000000000 0.930524140 
3516.401854791 -872.911235506 1.000000000 0.925062692 
3565.544663931 -881.996316985 1.000000000 0.919562502 
3613.993365597 -891.023612366 1.000000000 0.914028266 
3661.742620502 -899.992708058 1.000000000 0.908457636 
3708.771071491 -908.903190471 1.000000000 0.902854134 
3755.073379277 -917.754663492 1.000000000 0.897217760 
3800.633525995 -926.546742656 1.000000000 0.891549688 
3845.440833068 -935.279043499 1.000000000 0.885851092 
3889.489961209 -943.951204857 1.000000000 0.880123146 
3932.770231840 -952.562877220 1.000000000 0.874365850 
3975.270966385 -961.113722723 1.000000000 0.868580378 
4016.997504132 -969.603409330 1.000000000 0.862769078 
4057.928487929 -978.031616655 1.000000000 0.856933124 
4098.074596352 -986.398047611 1.000000000 0.851071342 
4137.419811536 -994.702405113 1.000000000 0.845186080 
4175.969472769 -1002.944403725 1.000000000 0.839279686 
4213.718240764 -1011.123781313 1.000000000 0.833350986 
4250.666115519 -1019.240281568 1.000000000 0.827401154 
4286.813097036 -1027.293659830 1.000000000 0.821432538 
4322.153846025 -1035.283683092 1.000000000 0.815446312 
4356.699041063 -1043.210129995 1.000000000 0.809442476 
4390.448682151 -1051.072790831 1.000000000 0.803422204 
4423.402769289 -1058.871473369 1.000000000 0.797386670 
4455.561302475 -1066.605997027 1.000000000 0.791337048 
4486.940299576 -1074.276192874 1.000000000 0.785273338 
4517.529082015 -1081.881903629 1.000000000 0.779199062 
4547.343667655 -1089.422983662 1.000000000 0.773113046 
4576.384056499 -1096.899298994 1.000000000 0.767016464 
4604.660927121 -1104.310727293 1.000000000 0.760911664 
4632.184958098 -1111.657163708 1.000000000 0.754798646 
4658.950810143 -1118.938515034 1.000000000 0.748677410 
4684.979840407 -1126.154699718 1.000000000 0.742551478 
4710.272048893 -1133.305642033 1.000000000 0.736420850 
4734.843453463 -1140.391283727 1.000000000 0.730285526 
4758.694054117 -1147.411584022 1.000000000 0.724146680 
4781.845208010 -1154.366507969 1.000000000 0.718006660 
4804.296915141 -1161.256032265 1.000000000 0.711865466 
4826.065193375 -1168.080145261 1.000000000 0.705724272 
4847.155382000 -1174.838852782 1.000000000 0.699584252 
4867.583498881 -1181.532166478 1.000000000 0.693445406 
4887.365561882 -1188.160109650 1.000000000 0.687310082 
4906.501571004 -1194.722723075 1.000000000 0.681178280 
4925.007544111 -1201.220053354 1.000000000 0.675052348 
4942.899499068 -1207.652164564 1.000000000 0.668931112 
4960.188114453 -1214.019132434 1.000000000 0.662816920 
4976.884068840 -1220.321038515 1.000000000 0.656709772 
4992.998040807 -1226.557970188 1.000000000 0.650612016 
5008.546048218 -1232.730032304 1.000000000 0.644523652 
5023.538769651 -1238.837347194 1.000000000 0.638445854 
5037.986883681 -1244.880043013 1.000000000 0.632378622 
5051.911747462 -1250.858259565 1.000000000 0.626324304 
5065.313360993 -1256.772142480 1.000000000 0.620282900 
5078.213081428 -1262.621849040 1.000000000 0.614255584 
5090.621587343 -1268.407554001 1.000000000 0.608243530 
5102.554896603 -1274.129437944 1.000000000 0.602246738 
5114.018348496 -1279.787687276 1.000000000 0.596267556 
5125.033300175 -1285.382500055 1.000000000 0.590304810 
5135.599751640 -1290.914091812 1.000000000 0.584360848 
5145.744399333 -1296.382678082 1.000000000 0.578435670 
5155.472582542 -1301.788486046 1.000000000 0.572531624 
5164.794979843 -1307.131760365 1.000000000 0.566647536 
5173.727609101 -1312.412745697 1.000000000 0.560784580 
5182.275809604 -1317.631698350 1.000000000 0.554945104 
5190.460938506 -1322.788886286 1.000000000 0.549127934 
5198.288335095 -1327.884577464 1.000000000 0.543334244 
5205.774017234 -1332.919057319 1.000000000 0.537566382 
5212.923324214 -1337.892617111 1.000000000 0.531824348 
5219.752273897 -1342.805553927 1.000000000 0.526106968 
5226.271544862 -1347.658176502 1.000000000 0.520417764 
5232.491815685 -1352.450799398 1.000000000 0.514756736 
5238.418425653 -1357.183748828 1.000000000 0.509122710 
5244.067392631 -1361.857356827 1.000000000 0.503518034 
5249.449395197 -1366.471961259 1.000000000 0.497943882 
5254.575111926 -1371.027899985 1.000000000 0.492399080 
5259.444542818 -1375.525528344 1.000000000 0.486885976 
5264.079045027 -1379.965207498 1.000000000 0.481405744 
5268.483957841 -1384.347298611 1.000000000 0.475956036 
5272.664620549 -1388.672180321 1.000000000 0.470540374 
5276.631711725 -1392.940231267 1.000000000 0.465158758 
5280.401249237 -1397.151830089 1.000000000 0.459810014 
5283.973233082 -1401.307372899 1.000000000 0.454496490 
5287.353002550 -1405.407255813 1.000000000 0.449219360 
5290.561914794 -1409.451880771 1.000000000 0.443977450 
5293.594630526 -1413.441655537 1.000000000 0.438771934 
5296.461828321 -1417.376993700 1.000000000 0.433603986 
5299.174186757 -1421.258314678 1.000000000 0.428472432 
5301.737045121 -1425.086037883 1.000000000 0.423380794 
5304.155742703 -1428.860594383 1.000000000 0.418326724 
5306.440958078 -1432.582415243 1.000000000 0.413311396 
5308.598030535 -1436.251937353 1.000000000 0.408335984 
5310.626960073 -1439.869603431 1.000000000 0.403400488 
5312.538425270 -1443.435862016 1.000000000 0.398504908 
5314.337765414 -1446.951161651 1.000000000 0.393651592 
5316.030319792 -1450.415956702 1.000000000 0.388838192 
5317.626766981 -1453.830701535 1.000000000 0.384067056 
5319.121767694 -1457.195856342 1.000000000 0.379338184 
5320.526000506 -1460.511887141 1.000000000 0.374651576 
5321.844804706 -1463.779259947 1.000000000 0.370008406 
5323.083519583 -1466.998440778 1.000000000 0.365407500 
5324.242145135 -1470.169901476 1.000000000 0.360851206 
5325.326020652 -1473.294119709 1.000000000 0.356338350 
5326.340485421 -1476.371573143 1.000000000 0.351868932 
5327.290878731 -1479.402739446 1.000000000 0.347445300 
5328.177200582 -1482.388102111 1.000000000 0.343065106 
5329.010129551 -1485.328144630 1.000000000 0.338730698 
5329.784326348 -1488.223344671 1.000000000 0.334440902 
5330.505130263 -1491.074197376 1.000000000 0.330196892 
5331.177880584 -1493.881192063 1.000000000 0.325999842 
5331.802577310 -1496.644812226 1.000000000 0.321847404 
5332.384559731 -1499.365547181 1.000000000 0.317741926 
5332.929167133 -1502.043886246 1.000000000 0.313682234 
5333.436399518 -1504.680324564 1.000000000 0.309668328 
5333.900917596 -1507.275351454 1.000000000 0.305702556 
5334.338739234 -1509.829456233 1.000000000 0.301782570 
5334.739185853 -1512.343139868 1.000000000 0.297910718 
5335.112936031 -1514.816891679 1.000000000 0.294084652 
5335.459989768 -1517.251200982 1.000000000 0.290306720 
5335.780347064 -1519.646568746 1.000000000 0.286575748 
5336.074007918 -1522.003484289 1.000000000 0.282891736 
5336.346311619 -1524.322436927 1.000000000 0.279255858 
5336.602597456 -1526.603915980 1.000000000 0.275668114 
5336.832186851 -1528.848410765 1.000000000 0.272126156 
5337.045758381 -1531.056410600 1.000000000 0.268633506 
5337.243312047 -1533.228404802 1.000000000 0.265186642 
5337.424847848 -1535.364882689 1.000000000 0.261789086 
5337.595705072 -1537.466327754 1.000000000 0.258438490 
5337.745205143 -1539.533223490 1.000000000 0.255134854 
5337.889365926 -1541.566047563 1.000000000 0.251879352 
5338.017508844 -1543.565277641 1.000000000 0.248670810 
5338.134973186 -1545.531397216 1.000000000 0.245510402 
5338.241758951 -1547.464883957 1.000000000 0.242396954 
5338.343205428 -1549.366203879 1.000000000 0.239331640 
5338.433973329 -1551.235828826 1.000000000 0.236312112 
5338.514062652 -1553.074230638 1.000000000 0.233340718 
5338.588812688 -1554.881875334 1.000000000 0.230415110 
5338.658223435 -1556.659223104 1.000000000 0.227537636 
5338.722294895 -1558.406734141 1.000000000 0.224705948 
5338.775687777 -1560.124862810 1.000000000 0.221921220 
5338.829080660 -1561.814063480 1.000000000 0.219182278 
5338.877134254 -1563.474790515 1.000000000 0.216490296 
5338.919848560 -1565.107486632 1.000000000 0.213844100 
5338.957223578 -1566.712594547 1.000000000 0.211243690 
5338.989259308 -1568.290556977 1.000000000 0.208687892 
5339.021295037 -1569.841810811 1.000000000 0.206179054 
5339.047991478 -1571.366787116 1.000000000 0.203714828 
5339.074687920 -1572.865911133 1.000000000 0.201295214 
5339.101384361 -1574.339602276 1.000000000 0.198920212 
5339.117402226 -1575.788285785 1.000000000 0.196589822 
5339.138759379 -1577.212381077 1.000000000 0.194302870 
5339.154777244 -1578.612295916 1.000000000 0.192060530 
5339.170795108 -1579.988432241 1.000000000 0.189861628 
5339.181473685 -1581.341191992 1.000000000 0.187706164 
5339.197491550 -1582.670977109 1.000000000 0.185592964 
5339.208170126 -1583.978177880 1.000000000 0.183523202 
5339.213509414 -1585.263178771 1.000000000 0.181494530 
5339.224187991 -1586.526364244 1.000000000 0.179509296 
5339.234866567 -1587.768112939 1.000000000 0.177565152 
5339.240205856 -1588.988797668 1.000000000 0.175662098 
5339.245545144 -1590.188785422 1.000000000 0.173800134 
5339.250884432 -1591.368437361 1.000000000 0.171979260 
5339.256223721 -1592.528114651 1.000000000 0.170198302 
5339.261563009 -1593.668166802 1.000000000 0.168456086 
5339.261563009 -1594.788937503 1.000000000 0.166754960 
5339.266902297 -1595.890770442 1.000000000 0.165091402 
5339.266902297 -1596.974003480 1.000000000 0.163467760 
5339.272241585 -1598.038962830 1.000000000 0.161881686 
5339.272241585 -1599.085968877 1.000000000 0.160334354 
5339.277580874 -1600.115347835 1.000000000 0.158823416 
5339.277580874 -1601.127414263 1.000000000 0.157350046 
5339.277580874 -1602.122471074 1.000000000 0.155911896 
5339.277580874 -1603.100815353 1.000000000 0.154511314 
5339.282920162 -1604.062744186 1.000000000 0.153145952 
5339.282920162 -1605.008554659 1.000000000 0.151815810 
5339.282920162 -1605.938532207 1.000000000 0.150520888 
5339.282920162 -1606.852950614 1.000000000 0.149260012 
5339.282920162 -1607.752083667 1.000000000 0.148033182 
5339.282920162 -1608.636199324 1.000000000 0.146839224 
5339.282920162 -1609.505559720 1.000000000 0.145678138 
5339.288259450 -1610.360421165 1.000000000 0.144549924 
5339.288259450 -1611.201028317 1.000000000 0.143454582 
5339.288259450 -1612.027625835 1.000000000 0.142389764 
5339.288259450 -1612.840458378 1.000000000 0.141355470 
5339.288259450 -1613.639758955 1.000000000 0.140352874 
5339.288259450 -1614.425748924 1.000000000 0.139379628 
5339.288259450 -1615.198649642 1.000000000 0.138435732 
5339.288259450 -1615.958682468 1.000000000 0.137521186 
5339.288259450 -1616.706057110 1.000000000 0.136635990 
5339.288259450 -1617.440971623 1.000000000 0.135777796 
5339.288259450 -1618.163629892 1.000000000 0.134947778 
5339.288259450 -1618.874224148 1.000000000 0.134144762 
5339.288259450 -1619.572940797 1.000000000 0.133367574 
5339.288259450 -1620.259966247 1.000000000 0.132617388 
5339.288259450 -1620.935475253 1.000000000 0.131893030 
5339.288259450 -1621.599636747 1.000000000 0.131193326 
5339.288259450 -1622.252619661 1.000000000 0.130518276 
5339.288259450 -1622.894587099 1.000000000 0.129866706 
5339.288259450 -1623.525690518 1.000000000 0.129239790 
5339.288259450 -1624.146081373 1.000000000 0.128635180 
5339.288259450 -1624.755911119 1.000000000 0.128052876 
5339.288259450 -1625.355319562 1.000000000 0.127494052 
5339.288259450 -1625.944440681 1.000000000 0.126955186 
5339.288259450 -1626.523408457 1.000000000 0.126438626 
5339.288259450 -1627.092351043 1.000000000 0.125942024 
5339.288259450 -1627.651384945 1.000000000 0.125465380 
5339.288259450 -1628.200626666 1.000000000 0.125008694 
5339.288259450 -1628.740192710 1.000000000 0.124570792 
5339.288259450 -1629.270193757 1.000000000 0.124151674 
5339.288259450 -1629.790734661 1.000000000 0.123751340 
5339.288259450 -1630.301914450 1.000000000 0.123367442 
5339.288259450 -1630.803826327 1.000000000 0.123001154 
5339.288259450 -1631.296563496 1.000000000 0.122651302 
5339.288259450 -1631.780213335 1.000000000 0.122319060 
5339.288259450 -1632.254857397 1.000000000 0.122000906 
5339.288259450 -1632.720583060 1.000000000 0.121699188 
5339.288259450 -1633.177466052 1.000000000 0.121411558 
5339.288259450 -1633.625576275 1.000000000 0.121138016 
5339.288259450 -1634.064983633 1.000000000 0.120878562 
5339.288259450 -1634.495752201 1.000000000 0.120633196 
5339.288259450 -1634.917946058 1.000000000 0.120400744 
5339.288259450 -1635.331629281 1.000000000 0.120180032 
5339.288259450 -1635.736854297 1.000000000 0.119972234 
5339.288259450 -1636.133673533 1.000000000 0.119776176 
5339.288259450 -1636.522139415 1.000000000 0.119590684 
5339.288259450 -1636.902298546 1.000000000 0.119416932 
5339.288259450 -1637.274197527 1.000000000 0.119253746 
5339.288259450 -1637.637882959 1.000000000 0.119099952 
5339.288259450 -1637.993395620 1.000000000 0.118955550 
5339.288259450 -1638.340770460 1.000000000 0.118820540 
5339.288259450 -1638.680036606 1.000000000 0.118694922 
5339.288259450 -1639.011229008 1.000000000 0.118577522 
5339.288259450 -1639.334382618 1.000000000 0.118468340 
5339.288259450 -1639.649526563 1.000000000 0.118366202 
5339.288259450 -1639.956684143 1.000000000 0.118272282 
5339.288259450 -1640.255878658 1.000000000 0.118184232 
5339.288259450 -1640.547139235 1.000000000 0.118104400 
5339.288259450 -1640.830483350 1.000000000 0.118029264 
5339.288259450 -1641.105928478 1.000000000 0.117961172 
5339.288259450 -1641.373497920 1.000000000 0.117898950 
5339.288259450 -1641.633209151 1.000000000 0.117841424 
5339.288259450 -1641.885073823 1.000000000 0.117789768 
5339.288259450 -1642.129103585 1.000000000 0.117741634 
5339.288259450 -1642.365310088 1.000000000 0.117698196 
5339.288259450 -1642.593704982 1.000000000 0.117659454 
5339.288259450 -1642.814305744 1.000000000 0.117625408 
5339.288259450 -1643.027118197 1.000000000 0.117593710 
5339.288259450 -1643.232148168 1.000000000 0.117565534 
5339.288259450 -1643.429407306 1.000000000 0.117540880 
5339.288259450 -1643.618901438 1.000000000 0.117518574 
5339.288259450 -1643.800636388 1.000000000 0.117499790 
5339.288259450 -1643.974617981 1.000000000 0.117483354 
5339.288259450 -1644.140846218 1.000000000 0.117468092 
5339.288259450 -1644.299326923 1.000000000 0.117455178 
5339.288259450 -1644.450065922 1.000000000 0.117444612 
5339.288259450 -1644.593063215 1.000000000 0.117435220 
5339.288259450 -1644.728324627 1.000000000 0.117428176 
5339.288259450 -1644.855850158 1.000000000 0.117422306 
5339.288259450 -1644.975639809 1.000000000 0.117416436 
5339.288259450 -1645.087699403 1.000000000 0.117412914 
5339.288259450 -1645.192028942 1.000000000 0.117409392 
5339.288259450 -1645.288628425 1.000000000 0.117405870 
5339.288259450 -1645.377497852 1.000000000 0.117404696 
5339.288259450 -1645.458637224 1.000000000 0.117402348 
5339.288259450 -1645.532052365 1.000000000 0.117402348 
5339.288259450 -1645.597737450 1.000000000 0.117401174 
5339.288259450 -1645.655692480 1.000000000 0.117401174 
5339.288259450 -1645.705923279 1.000000000 0.117400000 
5339.288259450 -1645.748424023 1.000000000 0.117400000 
5339.288259450 -1645.783194710 1.000000000 0.117400000 
5339.288259450 -1645.810241167 1.000000000 0.117400000 
5339.288259450 -1645.829563394 1.000000000 0.117400000 
5339.288259450 -1645.841155565 1.000000000 0.117400000 
5339.288259450 -1645.845017680 1.000000000 0.117400000 
5339.288259450 -1645.841155565 1.000000000 0.117400000 
5339.288259450 -1645.829563394 1.000000000 0.117400000 
5339.288259450 -1645.810241167 1.000000000 0.117400000 
5339.288259450 -1645.783194710 1.000000000 0.117400000 
5339.288259450 -1645.748424023 1.000000000 0.117401174 
5339.288259450 -1645.705923279 1.000000000 0.117401174 
5339.288259450 -1645.655692480 1.000000000 0.117401174 
5339.288259450 -1645.597737450 1.000000000 0.117402348 
5339.288259450 -1645.532052365 1.000000000 0.117404696 
5339.288259450 -1645.458637224 1.000000000 0.117405870 
5339.288259450 -1645.377492027 1.000000000 0.117408218 
5339.288259450 -1645.288616774 1.000000000 0.117411740 
5339.288259450 -1645.192011466 1.000000000 0.117416436 
5339.288259450 -1645.087676102 1.000000000 0.117421132 
5339.288259450 -1644.975610682 1.000000000 0.117427002 
5339.288259450 -1644.855809382 1.000000000 0.117435220 
5339.288259450 -1644.728272200 1.000000000 0.117443438 
5339.288259450 -1644.592999138 1.000000000 0.117454004 
5339.288259450 -1644.449984369 1.000000000 0.117466918 
5339.288259450 -1644.299222069 1.000000000 0.117481006 
5339.288259450 -1644.140712238 1.000000000 0.117497442 
5339.288259450 -1643.974449050 1.000000000 0.117516226 
5339.288259450 -1643.800426680 1.000000000 0.117538532 
5339.288259450 -1643.618645129 1.000000000 0.117562012 
5339.288259450 -1643.429098570 1.000000000 0.117590188 
5339.288259450 -1643.231775354 1.000000000 0.117620712 
5339.288259450 -1643.026669656 1.000000000 0.117655932 
5339.288259450 -1642.813769824 1.000000000 0.117693500 
5339.288259450 -1642.593064209 1.000000000 0.117735764 
5339.288259450 -1642.364546985 1.000000000 0.117782724 
5339.288259450 -1642.128206503 1.000000000 0.117834380 
5339.288259450 -1641.884031110 1.000000000 0.117891906 
5339.288259450 -1641.632003333 1.000000000 0.117952954 
5339.288259450 -1641.372105694 1.000000000 0.118021046 
5339.288259450 -1641.104320720 1.000000000 0.118093834 
5339.288259450 -1640.828630933 1.000000000 0.118173666 
5339.288259450 -1640.545018858 1.000000000 0.118260542 
5339.288259450 -1640.253461195 1.000000000 0.118354462 
5339.288259450 -1639.953934643 1.000000000 0.118454252 
5339.288259450 -1639.646410075 1.000000000 0.118563434 
5339.288259450 -1639.330858365 1.000000000 0.118679660 
5339.288259450 -1639.007256214 1.000000000 0.118804104 
5339.288259450 -1638.675574494 1.000000000 0.118937940 
5339.288259450 -1638.335772428 1.000000000 0.119081168 
5339.288259450 -1637.987815067 1.000000000 0.119233788 
5339.288259450 -1637.631667459 1.000000000 0.119395800 
5339.288259450 -1637.267283001 1.000000000 0.119568378 
5339.288259450 -1636.894620917 1.000000000 0.119752696 
5339.288259450 -1636.513640432 1.000000000 0.119947580 
5339.288259450 -1636.124289117 1.000000000 0.120154204 
5339.288259450 -1635.726508722 1.000000000 0.120372568 
5339.288259450 -1635.320246818 1.000000000 0.120603846 
5339.288259450 -1634.905450980 1.000000000 0.120848038 
5339.288259450 -1634.482057129 1.000000000 0.121105144 
5339.288259450 -1634.050001189 1.000000000 0.121376338 
5339.288259450 -1633.609219081 1.000000000 0.121661620 
5339.288259450 -1633.159635079 1.000000000 0.121962164 
5339.288259450 -1632.701173455 1.000000000 0.122277970 
5339.288259450 -1632.233764306 1.000000000 0.122609038 
5339.288259450 -1631.757326079 1.000000000 0.122956542 
5339.288259450 -1631.271765571 1.000000000 0.123320482 
5339.288259450 -1630.776995403 1.000000000 0.123702032 
5339.288259450 -1630.272922372 1.000000000 0.124101192 
5339.288259450 -1629.759447450 1.000000000 0.124517962 
5339.288259450 -1629.236471608 1.000000000 0.124952342 
5339.288259450 -1628.703889992 1.000000000 0.125406680 
5339.288259450 -1628.161591923 1.000000000 0.125880976 
5339.288259450 -1627.609460897 1.000000000 0.126375230 
5339.288259450 -1627.047380410 1.000000000 0.126889442 
5339.288259450 -1626.475228132 1.000000000 0.127424786 
5339.288259450 -1625.892875908 1.000000000 0.127982436 
5339.288259450 -1625.300189760 1.000000000 0.128561218 
5339.288259450 -1624.697029881 1.000000000 0.129162306 
5339.288259450 -1624.083250641 1.000000000 0.129786874 
5339.288259450 -1623.458706410 1.000000000 0.130434922 
5339.288259450 -1622.823245733 1.000000000 0.131107624 
5339.288259450 -1622.176711329 1.000000000 0.131803806 
5339.288259450 -1621.518940092 1.000000000 0.132525816 
5339.288259450 -1620.849763090 1.000000000 0.133272480 
5339.288259450 -1620.169011393 1.000000000 0.134046146 
5339.288259450 -1619.476504420 1.000000000 0.134845640 
5339.288259450 -1618.772055762 1.000000000 0.135672136 
5339.288259450 -1618.055479014 1.000000000 0.136526808 
5339.288259450 -1617.326581944 1.000000000 0.137409656 
5339.288259450 -1616.585160669 1.000000000 0.138319506 
5339.288259450 -1615.831005482 1.000000000 0.139259880 
5339.288259450 -1615.063906674 1.000000000 0.140229604 
5339.288259450 -1614.283648714 1.000000000 0.141228678 
5339.288259450 -1613.490010242 1.000000000 0.142258276 
5339.288259450 -1612.682764077 1.000000000 0.143319572 
5339.288259450 -1611.861677208 1.000000000 0.144411392 
5339.288259450 -1611.026504979 1.000000000 0.145536084 
5339.282920162 -1610.177002729 1.000000000 0.146692474 
5339.282920162 -1609.312925799 1.000000000 0.147881736 
5339.282920162 -1608.434012056 1.000000000 0.149105044 
5339.282920162 -1607.539999365 1.000000000 0.150361224 
5339.282920162 -1606.630619765 1.000000000 0.151652624 
5339.282920162 -1605.705599472 1.000000000 0.152978070 
5339.282920162 -1604.764658877 1.000000000 0.154338736 
5339.277580874 -1603.807512543 1.000000000 0.155735796 
5339.277580874 -1602.833875034 1.000000000 0.157168076 
5339.277580874 -1601.843443441 1.000000000 0.158636750 
5339.272241585 -1600.835914852 1.000000000 0.160142992 
5339.272241585 -1599.810986357 1.000000000 0.161686802 
5339.266902297 -1598.768343393 1.000000000 0.163267006 
5339.266902297 -1597.707665574 1.000000000 0.164887126 
5339.261563009 -1596.628626688 1.000000000 0.166544814 
5339.261563009 -1595.530900523 1.000000000 0.168241244 
5339.256223721 -1594.414149218 1.000000000 0.169977590 
5339.250884432 -1593.278029084 1.000000000 0.171753852 
5339.245545144 -1592.122196434 1.000000000 0.173570030 
5339.240205856 -1590.946301756 1.000000000 0.175427298 
5339.234866567 -1589.749989712 1.000000000 0.177324482 
5339.224187991 -1588.532899137 1.000000000 0.179263930 
5339.218848703 -1587.294663045 1.000000000 0.181244468 
5339.208170126 -1586.034902796 1.000000000 0.183267270 
5339.197491550 -1584.753245577 1.000000000 0.185332336 
5339.186812973 -1583.449312749 1.000000000 0.187439666 
5339.170795108 -1582.122714023 1.000000000 0.189589260 
5339.154777244 -1580.773059110 1.000000000 0.191783466 
5339.138759379 -1579.399951895 1.000000000 0.194019936 
5339.122741514 -1578.002990438 1.000000000 0.196301018 
5339.101384361 -1576.581772801 1.000000000 0.198625538 
5339.080027208 -1575.135891218 1.000000000 0.200995844 
5339.053330767 -1573.664926274 1.000000000 0.203409588 
5339.026634325 -1572.168464380 1.000000000 0.205867944 
5338.994598596 -1570.646086119 1.000000000 0.208372086 
5338.962562866 -1569.097360426 1.000000000 0.210922014 
5338.925187848 -1567.521856236 1.000000000 0.213516554 
5338.882473542 -1565.919142482 1.000000000 0.216156880 
5338.834419948 -1564.288788100 1.000000000 0.218844166 
5338.786366354 -1562.630350373 1.000000000 0.221576064 
5338.727634183 -1560.943380760 1.000000000 0.224354922 
5338.663562724 -1559.227430720 1.000000000 0.227180740 
5338.599491265 -1557.482051710 1.000000000 0.230053518 
5338.524741229 -1555.706795191 1.000000000 0.232972082 
5338.444651905 -1553.901200970 1.000000000 0.235938780 
5338.353884005 -1552.064808855 1.000000000 0.238951264 
5338.257776816 -1550.197158656 1.000000000 0.242011882 
5338.145651763 -1548.297784354 1.000000000 0.245119460 
5338.033526709 -1546.366219933 1.000000000 0.248273998 
5337.905383791 -1544.401993552 1.000000000 0.251475496 
5337.766562296 -1542.404633366 1.000000000 0.254725128 
5337.611722937 -1540.373667536 1.000000000 0.258022894 
5337.446205001 -1538.308618393 1.000000000 0.261367620 
5337.270008488 -1536.209014094 1.000000000 0.264759306 
5337.072454822 -1534.074376974 1.000000000 0.268200300 
5336.858883292 -1531.904217714 1.000000000 0.271687080 
5336.629293897 -1529.698058646 1.000000000 0.275221994 
5336.378347349 -1527.455422103 1.000000000 0.278805042 
5336.111382936 -1525.175818768 1.000000000 0.282435050 
5335.817722081 -1522.858765148 1.000000000 0.286113192 
5335.502704074 -1520.503771926 1.000000000 0.289838294 
5335.155650337 -1518.110355608 1.000000000 0.293610356 
5334.787239447 -1515.678032702 1.000000000 0.297429378 
5334.386792828 -1513.206313890 1.000000000 0.301296534 
5333.959649767 -1510.694715680 1.000000000 0.305209476 
5333.495131689 -1508.142748754 1.000000000 0.309170552 
5332.993238592 -1505.549923794 1.000000000 0.313177414 
5332.459309766 -1502.915751483 1.000000000 0.317231236 
5331.877327346 -1500.239748328 1.000000000 0.321332018 
5331.257969908 -1497.521430836 1.000000000 0.325477412 
5330.590558875 -1494.760315514 1.000000000 0.329669766 
5329.875094249 -1491.955918871 1.000000000 0.333907906 
5329.106236739 -1489.107757414 1.000000000 0.338191832 
5328.283986347 -1486.215353475 1.000000000 0.342520370 
5327.403003785 -1483.278223561 1.000000000 0.346894694 
5326.463289051 -1480.295890006 1.000000000 0.351313630 
5325.454163570 -1477.267880968 1.000000000 0.355777178 
5324.380966630 -1474.193718778 1.000000000 0.360284164 
5323.227680366 -1471.072931595 1.000000000 0.364835762 
5322.004983354 -1467.905053402 1.000000000 0.369430798 
5320.696857731 -1464.689612357 1.000000000 0.374069272 
5319.303303495 -1461.426142442 1.000000000 0.378750010 
5317.818981359 -1458.114189292 1.000000000 0.383474186 
5316.238552034 -1454.753292714 1.000000000 0.388239452 
5314.556676232 -1451.342992518 1.000000000 0.393046982 
5312.768014665 -1447.882834335 1.000000000 0.397896776 
5310.872567333 -1444.372375451 1.000000000 0.402786486 
5308.854316371 -1440.811173149 1.000000000 0.407717286 
5306.718601067 -1437.198778888 1.000000000 0.412686828 
5304.449403557 -1433.534755778 1.000000000 0.417697460 
5302.046723840 -1429.818672751 1.000000000 0.422746834 
5299.505222629 -1426.050104569 1.000000000 0.427833776 
5296.808882058 -1422.228625990 1.000000000 0.432960634 
5293.963041416 -1418.353817599 1.000000000 0.438123886 
5290.946343549 -1414.425265807 1.000000000 0.443324706 
5287.764127746 -1410.442557023 1.000000000 0.448561920 
5284.405715431 -1406.405289308 1.000000000 0.453835528 
5280.855088739 -1402.313066546 1.000000000 0.459144356 
5277.117586957 -1398.165492625 1.000000000 0.464487230 
5273.171852933 -1393.962177255 1.000000000 0.469865324 
5269.017886667 -1389.702741796 1.000000000 0.475277464 
5264.639670295 -1385.386813436 1.000000000 0.480722476 
5260.037203815 -1381.014019361 1.000000000 0.486199186 
5255.194469364 -1376.583998408 1.000000000 0.491708768 
5250.106127652 -1372.096395238 1.000000000 0.497248874 
5244.756160817 -1367.550860340 1.000000000 0.502819504 
5239.139229568 -1362.947050025 1.000000000 0.508420658 
5233.249994617 -1358.284626432 1.000000000 0.514049988 
5227.067098813 -1353.563269173 1.000000000 0.519708668 
5220.585202866 -1348.782657863 1.000000000 0.525394350 
5213.793628200 -1343.942472114 1.000000000 0.531108208 
5206.687035527 -1339.042409016 1.000000000 0.536847894 
5199.244067693 -1334.082171483 1.000000000 0.542612234 
5191.459385411 -1329.061468253 1.000000000 0.548402402 
5183.322310103 -1323.980025543 1.000000000 0.554216050 
5174.816823906 -1318.837569567 1.000000000 0.560053178 
5165.932248242 -1313.633832366 1.000000000 0.565912612 
5156.657904536 -1308.368563455 1.000000000 0.571794352 
5146.983114209 -1303.041518176 1.000000000 0.577697224 
5136.891859399 -1297.652457694 1.000000000 0.583618880 
5126.373461528 -1292.201149002 1.000000000 0.589560494 
5115.422581308 -1286.687376567 1.000000000 0.595520892 
5104.012522297 -1281.110936506 1.000000000 0.601498900 
5092.143284497 -1275.471624936 1.000000000 0.607493344 
5079.793510753 -1269.769249627 1.000000000 0.613503050 
5066.952522489 -1264.003635821 1.000000000 0.619529192 
5053.614980416 -1258.174614587 1.000000000 0.625568248 
5039.759527383 -1252.282022820 1.000000000 0.631621392 
5025.375484812 -1246.325714888 1.000000000 0.637686276 
5010.446834839 -1240.305556813 1.000000000 0.643762900 
4994.973577463 -1234.221420440 1.000000000 0.649850090 
4978.929016243 -1228.073183438 1.000000000 0.655946672 
4962.307811892 -1221.860740956 1.000000000 0.662052646 
4945.093946543 -1215.583999788 1.000000000 0.668165664 
4927.276741621 -1209.242872556 1.000000000 0.674285726 
4908.850857838 -1202.837289359 1.000000000 0.680412832 
4889.789598752 -1196.367191945 1.000000000 0.686543460 
4870.092964363 -1189.832527885 1.000000000 0.692678784 
4849.744936806 -1183.233256404 1.000000000 0.698816456 
4828.734837505 -1176.569348376 1.000000000 0.704956476 
4807.051987883 -1169.840792150 1.000000000 0.711097670 
4784.685709364 -1163.047587727 1.000000000 0.717238864 
4761.625323372 -1156.189740930 1.000000000 0.723380058 
4737.865490617 -1149.267269237 1.000000000 0.729517730 
4713.384853948 -1142.280201774 1.000000000 0.735654228 
4688.183413363 -1135.228585141 1.000000000 0.741786030 
4662.245150999 -1128.112477591 1.000000000 0.747911962 
4635.570066855 -1120.931949026 1.000000000 0.754033198 
4608.142143066 -1113.687081000 1.000000000 0.760147390 
4579.961379632 -1106.377960891 1.000000000 0.766253364 
4551.017097978 -1099.004693552 1.000000000 0.772351120 
4521.298619526 -1091.567401313 1.000000000 0.778438310 
4490.805944276 -1084.066212329 1.000000000 0.784514934 
4459.528393652 -1076.501266404 1.000000000 0.790579818 
4427.465967654 -1068.872720819 1.000000000 0.796630614 
4394.613326994 -1061.180738681 1.000000000 0.802668496 
4360.965132383 -1053.425500571 1.000000000 0.808689942 
4326.516044533 -1045.607198720 1.000000000 0.814696126 
4291.271402732 -1037.726031187 1.000000000 0.820685874 
4255.225867693 -1029.782219328 1.000000000 0.826656838 
4218.379439414 -1021.775990328 1.000000000 0.832607844 
4180.732117897 -1013.707583020 1.000000000 0.838538892 
4142.283903140 -1005.577247888 1.000000000 0.844448808 
4103.034795145 -997.385247066 1.000000000 0.850337592 
4062.990133199 -989.131865991 1.000000000 0.856201722 
4022.155256591 -980.817390096 1.000000000 0.862041198 
3980.530165320 -972.442116469 1.000000000 0.867856020 
3938.125537964 -964.006359670 1.000000000 0.873643840 
3894.941374521 -955.510445912 1.000000000 0.879404658 
3850.988353570 -946.954713056 1.000000000 0.885137300 
3806.277153685 -938.339504791 1.000000000 0.890839418 
3760.807774868 -929.665176453 1.000000000 0.896511012 
3714.601574270 -920.932100857 1.000000000 0.902152082 
3667.663891181 -912.140662467 1.000000000 0.907759106 
3620.005404178 -903.291251571 1.000000000 0.913333258 
3571.636791835 -894.384270110 1.000000000 0.918873364 
3522.579411307 -885.420131672 1.000000000 0.924377076 
3472.843941171 -876.399267325 1.000000000 0.929844394 
3422.451738578 -867.322113959 1.000000000 0.935272970 
3371.408142818 -858.189114290 1.000000000 0.940663978 
3319.745189619 -849.000728509 1.000000000 0.946015070 
3267.473557559 -839.757422633 1.000000000 0.951326246 
3214.614603791 -830.459668506 1.000000000 0.956595158 
3161.189685467 -821.107955444 1.000000000 0.961821806 
3107.220159740 -811.702790241 1.000000000 0.967003842 
3052.727383764 -802.244673864 1.000000000 0.972142440 
2997.743393268 -792.734118934 1.000000000 0.977235252 
2942.289545406 -783.171655543 1.000000000 0.982282278 
2886.387197329 -773.557819612 1.000000000 0.987281170 
2830.068384768 -763.893152885 1.000000000 0.992231928 
2773.359804165 -754.178208757 1.000000000 0.997133378 
2716.293491248 -744.413552273 1.000000000 1.001984346 
2658.896142459 -734.599748480 1.000000000 1.006784832 
2601.194454239 -724.737374073 1.000000000 1.011532488 
2543.225801606 -714.827011573 1.000000000 1.016227314 
2485.022220290 -704.869260978 1.000000000 1.020869310 
2426.621085308 -694.864728108 1.000000000 1.025456128 
2368.043753813 -684.814012961 1.000000000 1.029986594 
2309.338279401 -674.717733010 1.000000000 1.034461882 
2250.531358511 -664.576517377 1.000000000 1.038879644 
2191.665705451 -654.390995184 1.000000000 1.043238706 
2132.773355949 -644.161801381 1.000000000 1.047539068 
2073.897024312 -633.889582565 1.000000000 1.051779556 
2015.068746269 -623.574991161 1.000000000 1.055960170 
1956.336575416 -613.218685417 1.000000000 1.060078562 
1897.727208192 -602.821329406 1.000000000 1.064135906 
1839.288698192 -592.383593030 1.000000000 1.068128680 
1781.063759723 -581.906152011 1.000000000 1.072059232 
1723.084428513 -571.389687901 1.000000000 1.075924040 
1665.398758158 -560.834888073 1.000000000 1.079724278 
1608.044123675 -550.242445728 1.000000000 1.083457598 
1551.063239370 -539.613059892 1.000000000 1.087125174 
1494.498819550 -528.947435414 1.000000000 1.090724658 
1438.393578519 -518.246277146 1.000000000 1.094257224 
1382.784891297 -507.510295764 1.000000000 1.097719350 
1327.720811477 -496.740213593 1.000000000 1.101113384 
1273.238714078 -485.936758785 1.000000000 1.104435804 
1219.381313405 -475.100659492 1.000000000 1.107687784 
1166.191323764 -464.232643864 1.000000000 1.110869324 
1113.711459462 -453.333445880 1.000000000 1.113978076 
1061.984434805 -442.403805339 1.000000000 1.117014040 
1011.047624809 -431.444467870 1.000000000 1.119977216 
960.943743783 -420.456184925 1.000000000 1.122865256 
911.715506031 -409.439707957 1.000000000 1.125680508 
863.400286571 -398.395794241 1.000000000 1.128419450 
816.040799710 -387.325206883 1.000000000 1.131083256 
769.674420465 -376.228708983 1.000000000 1.133670752 
724.343863142 -365.107069470 1.000000000 1.136181938 
680.081163471 -353.961057272 1.000000000 1.138616814 
636.923696470 -342.791441317 1.000000000 1.140973032 
594.914176444 -331.599002183 1.000000000 1.143251766 
554.084639124 -320.384526273 1.000000000 1.145451842 
514.467120239 -309.148794167 1.000000000 1.147573260 
476.104334095 -297.892586442 1.000000000 1.149614846 
439.022977133 -286.616695328 1.000000000 1.151576600 
403.255085083 -275.321918877 1.000000000 1.153458522 
368.838032963 -264.009049320 1.000000000 1.155259438 
335.793177925 -252.678884709 1.000000000 1.156980522 
304.163234276 -241.332228925 1.000000000 1.158619426 
273.958880592 -229.969880021 1.000000000 1.160177324 
245.222831180 -218.592641876 1.000000000 1.161653042 
217.971103904 -207.201330019 1.000000000 1.163046580 
192.235734493 -195.796754157 1.000000000 1.164357938 
168.027401525 -184.379718166 1.000000000 1.165587116 
145.383480017 -172.951037578 1.000000000 1.166732940 
124.314648545 -161.511533747 1.000000000 1.167795410 
104.836924974 -150.062022202 1.000000000 1.168774526 
86.982345035 -138.603318473 1.000000000 1.169670288 
70.750908726 -127.136243916 1.000000000 1.170482696 
56.169312489 -115.661619884 1.000000000 1.171210576 
43.242895613 -104.180273558 1.000000000 1.171853928 
31.987675962 -92.693032119 1.000000000 1.172413926 
22.414332113 -81.200716919 1.000000000 1.172889396 
14.533542642 -69.704155141 1.000000000 1.173280338 
8.345307550 -58.204173964 1.000000000 1.173586752 
3.860305412 -46.701600567 1.000000000 1.173808638 
1.083875517 -35.197267956 1.000000000 1.173945996 
0.016017865 -23.692003312 1.000000000 1.173998826 
0.656732456 -12.186633814 1.000000000 1.173967128 
